standard:
[ 7  8 11 21 18 20 26 19 28  2 24 16 14 14 22 21  2  2  3 28 24 24 15 23 16
 28 27 22 27 26  6 16 20  6 25 11 10 17 18  8 13 20  3 14 25 20 26  6  1 11
 11  9 12  2 22 24  9 23 27  1 12  7 21  7  6  9 15 13  2  6 18  3 12  9  5
 23  4 10 13 19 17 28 18  4 16  5 15 19 26 17 22  5 15 15 12 22  5  5 12 15
 16 13 21  8 23 25 28 23 11 18 21 15 16 26 15 18 22 10 19 17 12 22 23 16 13
 19  8  6 28  1 12  9 23 26  7 21  3  7  3  2 25 18 14 19  9 23 26 27 14  2
  2 11 14 26  2 22  8 21 20 20 27 25  1 25  5  8  1 25 19 28 26 25 24 27 26
 28  8 24  3 13 18  4 10 21 15 18  6  3  6  8 24 27 24  7 27 17 24  1  7  8
 21 15 12  4 18  1 15 22  9  4 23 18  6 20 24 14 17  4  6 26  1  7 16  8  1
 24 11 26  2 25 18  9 16 11 17 10  2 21 17 23 15 25 25 20 26  7  9  1 12 23
  9  7 28 28 26  9 25 23 27 20 20 12 21 27  6  7 17 28  1 18  7 21  6  9  3
  5  4 26 13  3 20 27 18 21 28 13 26 21  2 22 26 15 25 25 18 10 15 25  8  3
 28  7 18 18 20 19 28  1 13  3  9 27  4 26 12 26 20 18  6 21 17  7 16 14 11
 24 24 15  1 12 14 18 26 14 27 28 15  6 18 22 18 23 24 28 25 19  3  6 18  5
  5  6 14 19 16  6 23 15 14 21 21  6 12 18  2  3 11 10 24 26  1  1  8 22 14
 23 27  4 13 19  4 28 25  7  2 18 11  5 25 16 24 15  9  3  6  3 11 26 25  3
 17  6 13 26  1 22  4  5 22 24 19  1 10 24  3 25 26 12  3 18 22 15 11  9  8
  1 13 25 17 17  4 21  7  2  3 18  7 15 14 18 14 24 22 14 22  6  4 22  2 14
 23  1  6 14  6  3  6 13 14 21 19 20  3 25  8  5 26 17  4 25  8 22  7  2 25
  7 20 12  9 18 19 19  3 20 23 13 22 20 22  5  5  1 18 23 10  2  8 27 19 17
 12 15  5  9  7  7  1  2 22 24  2 11  7  6 11 28 10 14 25 16 23  8  8  1  6
 12 28 11 13 22 12 13  2 10 25  4 25 14  6  3  6 21 20 23 28 14  2  4  4  7
  2 12 12 16 20 27 23 19 10 28 17 22 27 11 14 11 25 12 15  6 15 27 10  3  7
  4 19 25 21 28 15 28  2 17 21  6 19 18 26 28 18 23 15 12 21 15  1 18 21 13
 20  7 21 10 17 17 19  2 17  7  5 23 21 24 10 15  2  1 10 13 22  6 13 12 12
 12  8 26  6 12 26  4  6 22  1  1 14  7 16 22 27  4  8 14 12 19  4  6 25 15
 18  6 21 15 11  8  1  9  3  7  5 21 16 28 12 25 19 28 11 22 21  5 14  8 18
 15  9 28  9 22 13 19 23 15  7  4 20  9 14 16 10 16 19 21 15  4  6 28 24  1
  8 15 22  6  7 10 21 22 25 17  3  9 26 27 20  5 13  7 12  5 25  1  1 16 26
 23 19 27 14 20 27 17  7 18  4 16  6 26 10 12 23 21  3 23  7  1 19 27 16 17
  9 18 14 11 28 22  5 20 11  7 27  9 25  9  6 25  7 11  3 15 27  6 28  7  6
  5  4 13  3 16  2 19 28 16 19 18 26 17 21 13 21  1 12 18  2 12 28 11 28 18
 10 14 24 18  6  8 22  2 21 10 11 16 15 10 21 14 15 28  7  1  7 15 27 12 16
 27 27 20 28  7  4 11 15  2 12 27 15 17 15 15 19 26 19 27 13  3  9 14 11  2
 10 20 19  1 22  1  1  9  3 26 21 23  7 11 27 18  7 19 12 26  4 23 18 18 17
 12 28 26  9 27 27 27 14 28  2 21  9 28 12  7 17 20 11 20 15  9 14 21 11  6
  7 28  7 14 27 25  2 19 18 14 12  7  3 14 28 21  6  3 27  6 22 18 15  6 26
 28 11  1 14 27 11 21 18 19  1 11 27 27  3 12 19 12 21 26 11  1 12 25 14 14
  1 19  7 14 11 25 14 26 12 15 19 21 25 11 11 11 25 18 14 14 19 18  1 28 25
  7 21 15 12 26 28 26 26 12  7  6 12 12 15 14 26 21 15 12 14  6 15 12 18 14]
self:
[ 1  2  3  4  5  6  7  8  9  4 10 11 12 12 13  4  4  4 14  9 10 10  2 15 11
  9 16 13 16  7 17 11  6 15 13  3 18 19  5  2 20  6 14 12 13  6  7 17 21  3
  3  1 22  4 13 10  1 15 16 21 22  1  4  1 17  1  2 20  4 17  5 14 22  1  8
 15 16 18 20  8 19  9  5 16 11  8  2  8  7 19 13  8  2  2 22 13  8  8 22  2
 11 20  4  2 15 13  9 15 12  5  4  2 11  7  2  5 13 18  8 19 22 13 15 11 20
  8  2 17  9 21  2  1 15  7  1  4 14  1 14  4 13  5 12  8  1 15  7 16 12  4
  4  3 12  7  4 13  2  4  6  6 16 13 21 13  8  2 21 13  8  9  7 13 10 16  7
  9  2 10 14 20  5 16 18  4  2  5 17 14 17  2 10 16 10  1 16 19 10 21  1  2
  4  2 22 16  5 21  2 13  1 16 15  5 17  6 10 12 19 16 17  7 21  1 11  2 21
 10  3  7  4 13  5  1 11  3 19 18  4  4 19 15  2 13 13  6  7  1  1 21 22 15
  1  1  9  9  7  1 13 15 16  6  6 22  4 16 17  1 19  9 21  5  1  4 17  1 14
  8 16  7 20 14  6 16  5  4  9 20  7  4  4 13  7  2 13 13  5 18  2 13  2 14
  9  1  5  5  6  8  9 21 20 14  1 16 16  7 22  7  6  5 17  4 19  1 11 12  3
 10 10  2 21 22 12  5  7 12 16  9  2 17  5 13  5 15 10  9 13  8 14 17  5  8
  8 17 12  8 11 17 15  2 12  4  4 17 22  5  4 14  3 18 10  7 21 21  2 13 12
 15 16 16 20  8 16  9 13  1  4  5  3  8 13 11 10  2  1 14 17 14  3  7 13 14
 19 17 20  7 21 13 16  8 13 10  8 21 18 10 14 13  7 22 14  5 13  2  3  1  2
 21 20 13 19 19 16  4  1  4 14  5  1  2 12  5 12 10 13 12 13 17 16 13  4 12
 15 21 17 12 17 14 17 20 12  4  8  6 14 13  2  8  7 19 16 13  2 13  1  4 13
  1  6 22  1  5  8  8 14  6 15 20 13  6 13  8  8 21  5 15 18  4  2 16  8 19
 22  2  8  1  1  1 21  4 13 10  4  3  1 17  3  9 18 12 13 11 15  2  2 21 17
 22  9  3 20 13 22 20  4 18 13 16 13 12 17 14 17  4  6 15  9 12  4 16 16  1
  4 22 22 11  6 16 15  8 18  9 19 13 16  3 12  3 13 22  2 17  2 16 18 14  1
 16  8 13  4  9  2  9  4 19  4 17  8  5  7  9  5 15  2 22  4  2 21  5  4 20
  6  1  4 18 19 19  8  4 19  1  8 15  4 10 18  2  4 21 18 20 13 17 20 22  7
  8  2  7 17 22  7 16 17 13 21 21 12  1 11 13 16 16  2 12 22  8 16 17 13  2
  5 17  4  2  3  2 21  1 14  1  8  4 11  9 22 13  8  9  3 13  4  8 12  2  5
  2  1  9  1 13 20  8 15  2  1 16  6  1 12 11 18 11  8  4  2 16 17  9 10 21
  2  2 13 17  1 18  4 13 13 19 14  1  7 16  6  8 20  1 22  8 13 21 21 11  7
 15  8 16 12  6 16 19  1  5 16 11 17  7 18 22 15  4 14 15  1 21  8 16 11 19
  1  5 12  3  9 13  8  6  3  1 16  1 13  1 17 13  1  3 14  2 16 17  9  1 17
  8 16 20 14 11  4  8  9 11  8  5  7 19  4 20  4 21 22  5  4 22  9  3  9  5
 18 12 10  5 17  2 13  4  4 18  3 11  2 18  4 12  2  9  1 21  1  2 16 22 11
 16 16  6  9  1 16  3  2  4 22 16  2 19  2  2  8  7  8 16 20 14  1 12  3  4
 18  6  8 21 13 21 21  1 14  7  4 15  1  3 16  5  1  8 22  7 16 15  5  5 19
 22  9  7  1 16 16 16 12  9  4  4  1  9 22  1 19  6  3  6  2  1 12  4  3 17
  1  9  1 12 16 13  4  8  5 12 22  1 14 12  9  4 17 14 16 17 13  5  2 17  7
  9  3 21 12 16  3  4  5  8 21  3 16 16 14 22  8 22  4  7  3 21 22 13 12 12
 21  8  1 12  3 13 12  7 22  2  8  4 13  3  3  3 13  5 12 12  8  5 21  9 13
  1  4  2 22  7  9  7  7 22  1 17 22 22  2 12  7  4  2 22 12 17  2 22  5 12]
NMI:0.94676136022,modularity:0.844985607147