standard:
[11  2  9  9  1 12 20 13 27  6  7  9 15 26 26  1 24 28 19 24 28  2 11 26 25
 17  3  8 25 20  9 21 27 14  7 13 10 13  3  5  1 10 13 25  7  1 19 21 22 19
  4  2 20 10 26  7  2 21 27  3 25 19 26  6 10 27 14 25  1 22  4 23 13 17 22
 14 12 19 17  5  7 20 14 25  6  9 23  2  1 13 10  9 14 12 11 15 23 20 18 26
 18 15  9 27 15 28 22  7  6 25  6 17 12 15 25  1  6 16 17  8 28 12 22  1  3
  7  3  2 22  1  5  6 22 25 14 18 20  6 25 22 18 26 24 18 10 13  1 23  9 16
 15  8 19 21  6 12  1 12 17 25  4 12 16 25 11 26  7 22  6 17  1 23 15 19 25
 24 26  5  6 28 18 21 21  7 22  7 10 12  1 18 21 23 28 16 25  4 19 17  7 11
 20 25 25  5 18 12  2 26 17 23 23 26 16 18 13 23 14 14  5  3 21 19 26  6 17
  1 11 14  2 23 24 27  5  9  3  2  3 19 24 27 17 16  7 12  9 16 28 28 17  6
 20 22  3 27 21 22 18 26  2 15 26 15 25 11 11 11  4 18 18 11 19  5 20 13 16
 11 21 19 25 12 21 15  6 12 12 15 19 10 13  9 27  4 19  9 18 17 12 10 18  4
 26 20 12 23 14 12 15  1  6 19 12 24 19 13  9 23 11 16 10  7 13  7  1  6 10
  6  3  7 13 17 14 27  6 20 16 22 14 18  6 28 28 24 13 24 13  7  9  7 21 27
 15 24 14 16 10 18 21 28 15 21 16 16  2  2 12  7  2 16  7 22  5 20 24  5 20
 28 20 18 18  4  8 28 14 23 23  6  6  8 18  6  5  4 22  2 20  4  2  1 20 16
 27  2  7 28 23 18 25 15 14 11 21 26  9  2 25 22 23  3 28  8  8  9 19  8 19
 19 26  4  3  7 21 19 25 12 18 15 28 10 20  1 14 20 14 15  1 28 14  5  7 18
 23 18  5  6 21  7 18 20 24 15  4 27 24 26 19 14 26  9  1 22  3 21 23  1  9
 12  4 18  7  2 27  8 25  6  3  8 18  6 11  9 24 13  1 22 14 15 11 27 21  7
 21 19 15 12 24 28 19 15  3  3 11  5 12 28  3 18 14 17 14  3 21  5  1 25  7
 20 20 13  3 26 12 26 21 22  2 10  3 20 20 27 25 18  9 12 18 14 21  7 18 18
  1 15 26  8 13 26 19 22 20 23 19 28 14  8 25 15 12  4 12 28 12 22 19  8  8
 10  7 24 21  1 27 21  1 18  9  9 14 15 25 21  4 21  7 26 28 21 14 17 23  4
  8  8 17 10 27  7 11 22 25 28 18  1 26 24 26  1  3 14 11  8 18  2  7 24  7
 15  7 21 10 17  8  6 15  6 26 23 21 26  6 28  4 17 12  7 15 19 18 16 22 15
 19 28 22  7 26 19 11 27 24 16 26  5  6 26  1 11 11 18 28 14 11  9 25 22 12
  8  4  3 12 14  2  1  9 26  8 23 21 19 23 18 23 27 22 10  1 12 14 13  1 22
  8  1 17 16 15  4 24  6  3 11  7 15 27 16 15  1 27  6 26 28 21 15  2 13  9
 18  7  2 22  2 28  5 17 19 28 10  7 28 26 16 23 27  2 18  6 10 27  5 11 13
  7  1  9 11 18 26 23  1  4 12  3 12 11 16 18 23 11 12 12 13 16  5  1 27 22
 15 20 13  7  9  1  2 25 28 19 10  3 26  2 22 22  1  4 27 15 14 28 28 12  5
 17 11 28 16 24 12 24 28 19  8 15 28 17 27 27 17 15  4  6  1 17  4 17  4 22
  3 17 14 12 25 15 21 27 28 24 25 23 21  4  7 14 27 19 15 12  3 18 25 10 27
  6 25  6 18 22 12 26 10 15 16  7  4  7 11  5  3 12 11  6 25 21 21 22 20  8
 21 21 12 19  1  7  5 13 16 11  7 19 19  6 12 18 11 14 27  8 23 20  7 15 28
 25 19  6  6  6 20  3 14 27 27  6 25  9  9  2  9 27  6  3  4  3 18 14  6  6
 11  2 26  3  2 28 21  2 25 14 12 15 21 14 14  3 18 15 18 25  3 11  2 21 12
 11 26 11 27 21 14 11  2 28  7 26 22 26 18 27  6 28 11  6 15 14 25 28 21 28
 27 14 26 14 26  6 15 14 15 18 25 15 27 14  7 21 15 12 25 14  6 15 12 14 21]
self:
[ 1  2  3  3  1  4  5  6  5  7  8  3  9 10 10  1 11  3  2  7  3  2  1 10 11
 12  2  9 11  5  3  6  5 12 12  6 12  6  2  3  1 12  6 11  8  1  2  6 11  2
 13  2  5 12 10  8  2  6  5  2 11  2 14  7 12  5 12 11  1 11 13  6  6 12 11
 12  4  2 12  3  8  5 12 11  7  3  6  2  1  6 12  3 12  4  1  2  6  5 15 10
 15  9  3  5  9  3 11  8  7 11  7 12  4  7 11  1  7 14 12  9  3  4 11  1  2
  8  2  2 11  1  3  7 11 11 12 12  5  7 11 11 15 10  7 15 12  6  1  6  3 14
  9  7  2  6  7  4  1  4 12 11 13  4 14 11  1  3  8 11  1 12  1  6  9  2 11
  7 10  3  7  3 15  6  6  5 11  8 12  4  1 15  6  6  3 14 11 13  2 12  8  1
  5 11 11  3 15  4  2 10 12  6  6 10 14 15  6  6 12 12  3  2  6  2 10  7 12
  1  1 12  2  6  7  5  3  3  2  2  2  2  7  5 12 14  8  4  3 14  3  3 12  7
  5 11  2  5  6 11 15 10  2  9 10  3 11  1  1  1 13 15 15  1  2  3  5  6 14
  1  6  2 11  4  6  9  7  4  6  9  2 12  6  3  5 13  2  3  1 12  4 12 15 13
 10  5  4  6 12  4  9  1  7  2  4  7  2  6  3  6  1 14 12  8  6  8  1  7 12
  7  2  8  6 12 12  5  7  5  6 11 12 15  7  3  3  7  6  7  6  5  3  8  6  5
  9  7 12 14 12 15  6  3  9  6 14 14  2  2  4  8  2 14  8 11  3  5  7  3  5
  3  5 15 15 13  9  3 12  6  6  7  7  9 15  7  3 13 11  2  5 13  2  1  5 14
  5  2  8  3  6 15 11  9 12  1  6  3  3  2 11 11  6  2  3  9  9  3  2  9  2
  2 10 13  2  8  6  2 11  4 15  9  3 12  5  1 12  5 12  9  1  3 12  3  8  1
  6 15  3  7  6  8 15  5  7  4 13  5  7 10  2 12 10  3  1 11  2  6  6  1  3
  4 13 15  8  2  5  9 11  7  2  9 15  7  1 11  7  6  1 11 12  9  1  5  6  8
  6  2  9  4  7  3  2  9  2  2  1  3  4  3  2 15 12 12 12  2  6  3  1 11  8
  5  5  6  2 10  4 10  6 11  2 12  2  5  5  5 11 15  3  4 15 12  6  8 15 15
  1  9 10  9  6 10  2 11  5  6  2  3 12  9 11  9  4 13  4  3  4 11  2  9  9
 12  8  7  6  1  5  6  1 15  3  3 12  9 11  6 13  6  8 10  3  6 12 12  6 13
  9  9 12 12  5  8  1 11 11  3 15  1 10  7 10  1  2 12  1  9 15  2  8  7  8
  9  8  6 12 12  9  7  9  7 10  6  6 10  7  3 13 12  4  8  9  2 15 14 11  9
  2  3 11  8 10  2  1  5 12 14 10  3  7 10  1  1  1 15  3 12  1  3 11 11  4
  9 13  2  4 12  2  1  3 10  9  6  6  2  6 15  6  5 11 12  1  4 12  6  1 11
  9  1 12 14  9 13  7  7  2  1  8  9  5 14  9  1  5  7 10  3  6  9  2  6  3
 15  8  2 11  2  3  3 12  2  3 12  8  3 10 14  6  5  2 15  7 12  5  3  1  6
  4  1  3  1 15 10  6  1 13  4  2  4  1 14 15  6  1  4  4  6 14  3  1  5 11
  9  5  6  8  3  1  2 11  3  2 12  2 10  2 11 11  1 13  5  9 12  3  3  4  3
 12  1  3 14  7  4  7  3  2  9  9  3 12  5  5 12  9 13  7  1 12 13 12 13 11
  2 12 12  4 11  9  6  5  3  7 11  6  6 13  8 12  5  2  9  4  2 15 11 12  5
  7 11  7 15 11  4 10 12  9 14  8 13  8  1  3  2  4  1  7 11  6  6 11  5  9
  6  6  4  2  1  8  3  6 14  1  8  2  2  7  4 15  1 12  5  9  6  5  8  9  3
 11  2  7  7  7  5  2 12  5  5  7 11  3  3  2  3  5  7  2 13  2 15 12  7  7
  1  2 10  2  2  3  6  2 11 12  4  9  6 12 12  2 15  9 15 11  2  1  2  6  4
  1 10  1  5  6 12  1  2  3  8 10 11 10 15  5  7  3  1  7  9 12 11  3  6  3
  5 12 10 12 10  7  9 12  9 15 11  9  5 12  8  6  9  4 11 12  7  9  4 12  6]
NMI:0.85480802779,modularity:0.719111934004