standard:
[12  2  3 28 25  1  5 20 19 14 13  5 19 14 27  1 22  7 11 28  1 28 26 16 14
 14 17 11  8 11  9  9 28 20 19 14 21 18 21 19  7 12 22  6 15 26 26 22 25  7
 19 19 27 21  7  6 11 26 19 10 24 25 12  7 27 10 26 18 28  1 18 16 18 12  7
 24  6 21 28 11 11 16 28 21  1  7  7 26 16 26  6  1  2  2 18 26 20  2 26  3
  7 20 12 26 25 14  3 23  8 18 10 19 25 12 12 28  8 14 19 23 25 22 21  9 21
  7  1 16 22  1 12  5  6 16  6  2  7 11 19 23  1 19 10 28  8  5  6 16  2  4
  2 17  3  7  3  8  3  9  7 24 15 13 16 13 15  6 18 17 18  1  6  3  8  8 17
 16 27 25 24  9 25  1 12  1 13 14 23 16 14 10 15 21  1 10 26 27 25  9 24 11
  6 15  7 18 24 14 21 13 28  6  4 14 26 28 23 16 22 26 25 27 21  7  5 20 24
 20  1 16 15 27  3 23 20 21  6  2  3 28  9 26 12 12  5 11 18 15 24 27 23 15
  7 27 22 22 23 18  8 25  1 17 20  5  1 14 27 25 22 13 20 12 23 13  1  6 17
  9  2  1 25 28 21  4 12 22 21  9 27 26 23 14 11  1  6 22 23  3  4 24 24 19
  2 25 17 20  5 17 28 25 26 16 15 18  7 14 21 12 18 10 19 16 15 28 17 11 28
  9 10 16  8 27  8 28 14  8 18 18 21  6 26  4  3 19  4 15 24  1  6 22 25 16
  9  2 11 26  5 19  3 14 11 20 14 15 20 27 18 17 14 19 13 25 28  4 15 25 12
 14 14 26 26 28 27 19 23  2 11  6  3  9 20 18 25 18 13 28  7  1 26  9 14  5
 27 14  9 28 26 25  7 19 16 25 19 22 22 23 17  3  1 18 22  9 21 18 23 25  5
 13  2  6  6  5 15 23 20 17 20  9  1 24 16  6 21 11 19 18 24 14 28 28 18 19
  2 25  8  2 18 23  4 14  3 18  5 26 12  6  6 18 25  3 19  9 11 21  9 27  6
 25 12 13 12 18  7  4 15 19 19  5  7  7 27  4 20 24 21 16  3 27 10  6 15 11
 16 25 24 27  2 16  1 18 26  5 10 28 27 15 12  4 20 28 15 12  9 13 26 25 17
 23 21  7  9 19 22 21 18 21  1 28 19 26 25 12  6 12 11  7 19 15 14 26 26  1
 21  2 14 10 15 15 12 21  9  6 10 28 15  3 14 27 15 23 13  2 17 21 25 12 18
 18 20 10 21 12  9 13 28  7 16 16 18  6 14 22 18  7  4  7  4 13 14 17 22 20
  2  4  6  7 28  9 28  9 11  6 16 17 21 11 27  3 11 27 22  7  2  8 14 22  6
 23  4 21 15  5 15 17 23 17 17  3  2  8  5 27  3 26  5  8  7  1 28  3  1  4
 17  2  3 13  8  2 12 18  4 11 28  6 21 27  9  2 10  7  7  6 24 14 12  8 27
 28 12  8  7 10 14 20  9 19  7 26 22 21 24  7 10  5 11 14 25  2 12  8 22 14
 11 25 17 22 10  9 10 14 21 12  8 23 20 18  4 14 23 25 26 27 26 10  5  4 19
 19 26 17 21  5 28 24 13 12  3 18  2 14 18 21  7 20 20 13 21 12 28 22  1 12
  7 15 25 24 12 17 11 12 24 18 15 18  6 22 13 18 22  3 22 27 21  4 27 15 19
 23 12 28 26 22 20  9 10 15 18 27  6 15 13 19  2  7  8  7 18 28 25 21  3 20
 14  1  6  4 15 26 25  8 24  3 18 21 12 12 27 23  7  1 23  4 25 19 26 15 15
 27  6 12 22 20 15 15 21  6 22  4 11  6 28 14 27  5 18 10  1 13 16 10 11 17
 15 21  1 17 26 24 27 14 15  7 21 15  4 18 23 20 11 13 12 24  2  9  3 25  7
 23 13  9 12 26 15  2 15 19  8 28 17 28  6  1 22  2 18  3 11 12 27 14 12 15
 22 28  6  6 27  1 19 14  4 10 26 13 21 15 20 17  2  8 23  7 14 21  6  3 27
 18 22 28  3  6  7  1 14 25  3  3 11 22 19 27 22 28  4  4 11 12  2  7 26 26
 18 26 11  1 12 19 11 27 18 21  7 15  1 23 15 15  3 21  6 11 11 15  1  6 12
 14 18  1 25  6 12 15  7 25 11 15  6  7  2 19  6  1 11 25 14 26 12 11 14 21]
self:
[ 1  2  2  3  4  5  6  7  6  8  9  6  6  8 10  5  3  3  8  3  5  3  3  4  8
  8  8  3 11  8  6  6  3  7  6  8 11 12 11  6  3  1  2  4  5 12 12  2  4  3
  6  6 10 11  3  4  8 12  6  1  3  4  1  3 10  1 12 12  3  5 12  4 12  3  3
  3  4 11  3 12  8  4  3 11  2  3  3 12  4 12  4  5  2  3 12  8  7  2 12  2
  3  7  1 12  4  8  2 12 13 12  1  6  4  1  1  3 13  8  6 12  4  2 11  6 11
  3  5  4  2  5  1  6  4  4  4  2  3  8  6 12  5  6  1  3  4  6  4  4  2 11
  2  8  2  3  2  5  2  6  3  3  5  9  4  4  5  3 12  8 12  5  4  8 13 13  8
  4 10  4  3  6  4  5  1  5 11  8 12  4  8  1  5 11  5  1 11  4  4  6  3  6
  4  5  3 12  3  8 11 12  3  3 11  8 12  3 12  4  2  3  4 10  3  3  6  7  3
  7 12  4  5  4  2 12  7 11  4  2  2  3  4 12  1  1  6  1 12  5  3  6 12  5
  3 10  2  2 12 12 13  4  5  8  7  6  5  8 12  4  2  9  7  1 12  9  5  4  8
  6  2  2  4  3 11 11  1  2 11  6 10 12 12  1  8  5  4  2 12  2 11  3  3  6
  2  4  8  7  6  8  3  4 12  4  5 12  3  8  4  1 12  1  6  4  5  3  8  8  3
  6  1  4  5 10  5  3  8 11 12 12 11  4 12 11  2  6 11  5  3  5  4  2  4  4
  6  2  8 12  6  6  2  8  8  7  8  5  7 10 12  8  8  6  9  4  3 11  5  4  1
  8  8 12 12  3 10  6 12  2  8  4  2  6  7  1  4 12  9  3  3  1 12  6  8  6
 10  8  6  3 12  4  3  6  4  4  6  2  6 12  8  6  5 12  2  6  4 12 12  4  6
  9  2  4  4  6  5 12  7  8  7  6  5  3  4  4 11  8  6 12  3  8  3  3 12  6
  2  4 13  2 12 12 11  8  2 12  6 12  1  4  4 12  4  2  6  6  8 11  6 10  4
  4  1 11  1 12  3 11  5  6  6  6  3  3 10 11  7  3 11  4  2 10  1  4  5  8
  4  4  3 10  2  4  1 12 12  6  1  3 12  5  1 11  7  3  5  1  6  9 12  4  8
 12 11  3  6  6  2 11 12 11  5  3  6 12  4  1  4  1  8  3  6  5  8 12 12  5
 11  2  8  1  5  5  1 11  6  4  1  3  5  2  8 10  5 12  9  2  8 11  4  1 12
 12  7  1 11  1  6  9  3  3  4  4 12  4  8  2 12  3 11  3 11  9  8  8  2  7
  2 11  4  3  3  6  3  6  8  4  4  8 11  8 10  2  8 10  2  3  2 13  8  2  6
 12 11 11  5  6  5  8 12  8  8  2  2 13  6 10  2 12  6 13  3  5  3  2  3 11
  8  2  2  9 13  2  1 12 11  8  3  4 11 10  6  2  1  3  3  4  3  8  1 13 12
  3  1 13  3  1  8  7  6  6  3 12  2 11  3  3  1  6  8  8  4  2  1 13  2  8
  8  4  8  2  1  6  1  8 11  1 13 12  7 12 11  8 12  4 12 10 12  1  6 11  6
  6 12  8 11  6  3  3  9  1  2 12  2  8 12 11  3  7  7  9 11  1  3  2  5  1
  3  5  4  3  1  8  8  1  3 12  5 12  4  2  9 12  2  2  2 10 11 11 10  5  6
 12  1  3 12  2  7  6  1  5 12 10  4  5  9  6  2  3 13  3 12  3  4 11  2  7
  8  5  4 11  5 12  4 13  3  2 11 11  1  1 12 12  3  5 12 11  4  6 12  5  5
 10  4  1  2  7  5  5 11  4  2 11  8  4  3  8 10  6 12  1  5  9  4  1  8  8
  5 11  5  8 12  3 10  8  5  3 11  5 11 12 12  7  8  9  1  3  2  6  2  4  3
 12  9  6  1 12  5  2  5  6 13  3  8  3  4  5  2  2 12  2  8  1 10  8  1  5
  2  3  4  4 10  5  6  8 11  1 12  9 11  5  7  8  2 13 12  3  8 11  4  2 10
 12  2  3  2  4  3  5  8  4  2  2  8  2  6 10  2  3 11 11  8  1  2  3 12 12
 12 12  8  5  1  6  8 10 12 11  3  5  5 12  5  5  2 11  4  8  8  5  5  4  1
  8 12  5  4  4  1  5  3  4  8  5  4  3  2  6  4  5  8  4  8 12  1  8  8 11]
NMI:0.779136268593,modularity:0.601758131038