standard:
[15  5 12 16  8 24 19  5 12  1 22 11 21 14  7 10 11 13 24  2 25 26 17 20 19
  1 20  3  4 21 16 14  9 18 14  7 14 20 27 16 17 27 14  9 14 19 12  2  3 19
 12  7 21  7 22  1  5 26 15 14 13  8 11 18  7 14 16  6 18 22 19 20  6 14 10
  6 12 22  3  9  1 12 21  5 13 18 28 18  4 12 14 26  2  7 15  1 25  6 17 21
  1 27 19 28 18 16 25  7  2 28  8  5 10  6  8 21 16  3 12 28 14 11 19 28 21
 14 24 17 26  9 25 14  6  4 15 19 28 21  6  3 16 25  4 25  6 20  9  1 10 18
 13  3  3 24 14  9 26 14 17 22 15  9  4  7 15 21 12 14 19 11 27  9  9  9 28
  1 15 13  3 23 16 20 19  7  6 26 15 12  1 18 27 21  1 21 18  3 27 27  4  4
 16 20 11  2  6  4 26  3 26 25  7  2  1 12  2 10 25 24 22 13  8 15  8 15  8
 28  7  1 17  9 26 20 18 18  2 24 11 26 13 14 20  1 22 12 26 21 15 25 27  7
 20 15 27 23 18 16  1  2  8 14 12  6 11 15 18 25  6  7 12 12  1 22 18  1 19
 21 15  8 12 19  8  8 23 21 26  5 14 17 18 10 18 11  7 19 12  4 28  1 19 14
 19 19 25  5 28 22 14 23  5 21 10 13  7 21 28 13 21 20  2 18 10 22  4  3  7
 23  6  8  9 26 19 15 25  9 22 26 24 14  3  7  2 17 13 26 17 10 21 17 14  5
  5 22 23  8 14  3  2  3  6 17 23 22  3  1 28 19 22 25  8 17  2 25 25 27 22
 12 20  3 10  3 27 20  9 26 21 28 18 10 12  7 12 13 18 15 27 23 15  7 24 12
  3 25 13  9 11 25 25 12 18 10 28  9 14  7 14  4  7 11 21  2 25  2 28 26 28
  6 13 11 17 18  1  5 20  2  9 26 23 21 15  7 16 28 15 11 22 17 14 22 28 24
 14 15 15 11 15  1 18  1  7 24 13 28  1  9 20 22 24 18 21 18 21  7 14 14 21
 27 12  5 10 26 11 17 26 15  6 13 12  5 16 25  6 23 16 18 21  7 22 24  1  3
 20  2  2  6 23 23  2 27 11 22 16 14 26 28  7 14  4  3  2 18  9 15 27 24  2
 24 27 15 17  4 28 21 24  6  1  7 13 19 23  1  6 25 19 27 24 16 16 26 20 14
 24 25 25  1  1 15 11  6  9 23  1  9 26 23  2 17 17 10 17 26  3  7 27  1 26
 19 11 12 10 14 12 12 25 20 17 28 24 23  6  4 13 23 28 21 21 12  4 17 12 18
  9 20 11 25 18 11 13  6 11 18  7 28 26 26 20 14 28  6 22  8  3 12 21 19 15
 17 23  2 17 25 19  6 13 28 27 28 21 16 27 19 14 25 18 26 20  5 15 26 15  1
 11  7  8  5  2  4  7 25  6  7 12 25  4  8  6 12  9 23 15 19 11 24 21 28 24
 27 11 11  5 19 26  4 16 22  8  2  3 12  2  3 17 10 22 13 13  7 27 26 14 18
 26 19 27 18 11 23 19  3  4 26 11 15 15  1 27 21  6 23 21 12  4 14 12  4 28
 17 19  7 20  5 18 27 10 22 27  6 15  9 19 22 15 20  7 26 25  7 25  6 18 10
  5 12 18 18 19  9 28 28 25 27 28 27 16 13  7 19 15 15 22 27 28  2 18 28  4
  3 26  2 27 23 15 19 22 25 15  6 23  6 18 10 12  6 15  9 16  2 25 24 25  3
 22 28 14 25 23 28 21  5 28 11 19  8 20 27  6 10  3 26 20 27 19 10 15  7 27
 18 18 28 14 18 12  6 26 10 13  3  3  6 11  3  6 20 27  4  1 21 23 23 18  9
  7  7 27  6 22 11  8 15 24  2  5  1 18 14 16  7 12 12 21 14 28  8  6 16 22
 12  9 20  8 16  6  9 28 22  8 27 18 21  3 12 14 21  6 11 15 23  7 23  3 21
  7 25 14 26 26  2  5 16  1 11 16  2 22 22 19 15 21 19 15  7 18 27  8 12 25
 10 17 26 21 22  5 18 12 24  4 28  1 11  4 12 18  7  7 28 13 27 15  4 28 20
 26  1  7 25 27 23 21 18 26  1  6  6 15 21 17  4  3 21  6 11 11 15  1  6 12
 14 18  1  6 12 22  1 25 11 15  9  6  7  2 19  6  1 11 25 14 26 12 11 14 21]
self:
[1 2 3 4 2 5 3 2 3 2 6 5 7 6 1 7 5 5 5 7 5 3 1 5 3 2 5 4 1 7 6 6 2 4 6 1 6
 5 3 6 1 3 6 2 6 3 3 7 4 3 3 1 7 1 8 2 2 3 1 6 8 2 5 4 1 6 6 7 4 8 3 5 7 6
 7 7 1 8 4 2 2 3 7 2 8 4 2 4 1 3 6 3 7 1 1 2 5 7 1 7 2 3 1 2 4 6 5 1 7 2 2
 2 7 7 2 7 6 4 3 2 6 5 1 2 7 6 5 1 3 2 5 6 7 1 1 3 2 7 7 4 6 5 1 5 7 5 2 2
 7 4 8 4 4 5 6 2 3 6 1 8 1 2 1 1 1 7 3 6 3 5 3 2 2 2 2 2 1 8 4 4 6 5 3 1 7
 3 1 3 2 4 3 7 2 7 4 4 3 3 1 1 6 5 5 7 7 1 3 4 3 5 1 7 2 3 7 7 5 5 8 8 2 1
 2 1 2 2 1 2 1 2 3 3 4 4 7 5 8 3 5 6 5 2 8 3 3 7 1 5 3 1 5 1 3 2 4 6 2 7 2
 6 3 7 5 1 4 5 7 1 3 3 2 7 4 2 3 7 1 2 3 3 7 2 4 7 3 2 6 1 4 7 4 5 1 3 3 1
 2 2 3 6 3 3 5 2 2 8 6 4 2 7 7 8 1 7 7 8 7 5 7 4 7 8 1 4 1 4 7 2 2 3 3 1 5
 2 5 3 5 6 4 1 7 1 8 3 1 7 7 1 6 2 2 4 4 2 6 4 7 4 7 1 4 8 4 2 2 3 8 5 2 1
 7 5 5 3 5 3 5 4 7 4 1 5 2 3 7 2 4 7 3 1 3 8 4 1 3 4 1 1 5 3 4 5 8 2 5 5 6
 7 3 7 2 2 6 1 6 1 1 5 7 7 5 7 2 3 2 7 8 5 1 5 2 2 3 7 2 3 3 7 1 1 6 2 1 5
 8 1 6 8 2 5 6 1 1 5 1 2 4 2 1 5 8 2 2 2 5 8 5 4 7 4 7 1 6 6 7 3 3 2 7 7 6
 1 3 1 7 8 3 2 6 5 7 4 6 4 7 1 7 5 2 6 5 7 7 7 4 4 7 3 5 8 2 6 3 2 1 6 1 4
 7 2 2 1 3 5 7 5 3 1 1 1 2 7 5 7 2 1 8 3 4 2 7 5 3 3 5 6 6 3 6 6 5 5 5 2 2
 1 5 7 2 4 2 2 3 4 7 1 1 7 1 3 4 1 3 2 3 3 5 3 7 6 6 3 5 5 1 2 5 4 7 1 8 4
 2 7 7 3 1 1 3 4 2 5 5 5 4 5 8 7 5 4 1 2 3 3 5 6 2 7 8 7 4 3 7 3 1 1 4 7 1
 5 3 7 8 2 3 2 7 6 3 3 6 5 4 3 5 2 1 3 1 2 5 1 2 2 7 1 1 5 7 1 3 5 1 2 1 1
 2 4 1 3 5 5 7 2 5 3 5 5 2 3 3 1 6 8 2 7 4 3 7 4 1 7 8 8 8 1 3 3 6 4 3 3 7
 4 5 3 3 4 1 3 4 1 1 2 3 7 7 4 7 3 1 6 3 1 2 1 3 1 5 2 4 3 7 8 3 7 1 2 3 8
 1 5 1 3 5 1 5 7 4 7 2 6 4 4 3 2 2 2 5 6 2 3 6 8 1 3 1 1 8 3 2 7 4 2 1 4 3
 7 3 4 1 3 8 5 1 7 4 7 4 7 3 7 1 2 6 7 5 5 5 4 8 2 6 5 4 2 7 2 2 5 3 2 5 3
 7 7 4 3 5 3 3 7 1 1 3 4 4 2 6 4 3 7 3 7 8 4 4 7 5 4 7 5 3 1 2 7 4 4 4 2 1
 1 3 7 8 5 2 1 5 7 2 2 4 6 6 1 3 3 7 6 2 2 7 6 8 2 2 5 2 6 7 2 2 8 2 3 3 7
 4 3 6 7 7 2 1 4 1 4 4 7 1 5 6 3 3 7 2 6 2 5 6 7 8 8 3 1 7 3 1 1 4 3 2 3 5
 7 1 3 7 8 2 4 3 5 1 2 2 5 1 3 4 1 1 2 8 3 1 1 2 5 3 2 1 5 3 4 7 4 3 2 7 7
 1 7 1 1 4 7 7 5 5 1 2 7 3 6 4 2 7 3 8 2 5 5 1 2 7 1 7 3 7 2 5 5 6 3 3 5 6
 7]
NMI:0.693964655832,modularity:0.491144629535