standard:
[16 23  2 26 17 25 27 14 13 28 13 26 21 28  2 27 14 19 19 26 21 23 18  7 24
 15 14  3 20  1 10 16  2 24  2 19 17 10  7 15  2 14 15 16 23  9  9 20 21  7
 10 25  2  9 17 14 11 27 25 20 14 22  7  1  9  3 27 17 28 21  4 21 12  9 28
 22 12 25 27  9 19 23  7  6 28  1 18 22 20 12  7 22 10 10 21 14 25 27 12 17
 13 11 28 16 22 19 27 26  7 25 11 28 11  7 15  1  4  8 26 18 28  5  9  1 23
  6 19 25  2 23 26 18  8 13 22 27  9 11  7  7 26 18 16 13  2 12  6 26  1 27
  2  6 13  1  7 14 22 12 21 14 14 20  7 14  1 27 21 27 18 14 16  5  3 20 19
  6 27  4 19 21  6 14 18 20  1 25 22 10 13  5 22 18 27 25 26 18 15 11 11 18
 25 14  1 18  6 27 15 22 18  1 12  6 14 15 24 23 17 28  9 12 17 21 10  1 12
  4  8 20 12 20 21 26 16 28  8 24 13  1 13  1 12  2 28  7 26  3  9  1 26 23
 11  5 10 17 18 13 11 23 11 14 15 23 28 26 20 11  3 21  4  1  7  6  6  2 15
 18  7 15  4 28 28 25  3 23  5 14 28 25  7  9 15 15  7  8 15 22 11 16  3 22
 14  2 11  6 15 21  6 28 27 24  4 17  7 22 12 16 24  9 12 21 23 28 17 27 14
 20 12 26 19 10 18 22 11 11  3 12 17 25  3 27 23 25 10 21  5 18 20 28 14  2
 26 11 14 28  3  6 17 15  9 12 21 19  4 17 27 15  5 10 16 26  8 22 28 21  1
  6 15 16 14 21 13 12 15 19 21 22 21 11 12  1  6 10  7 15 27 22 18 25 13 21
 19  7  1  7  7  7 28  3 23 25  5 19 26 24 23  8 18 21 22  3 26  5 27  7 15
 25 21  2 18  8  1 25  6 14 14  4 12  1  5  2 20 18 15 27  2 14  7 18 13  6
  2  9  9  1 21  5 18 20 28 17 13  5  6 12 15 12 19  6 10 11 14  1  1 27 20
  4 26 27 25 15 18  1 22  3  3 27  3 10  4 12 26 15  7 12 24  3 12 15 17 18
  4  4  9  7  6 19 27 25  6 15  3  8 18  7  7 18 17 14 15 12 14 16  5  5 20
 25 21 10 12  3 12 21 12 14  1 22 12 11  3  9  4  6 26 15 16  6  9 27 25 15
 15  7 24 16  6 10 19  4 18  7  1 21  7  8 28  6  4 18 19 11 25 23 11  5 26
  6 26  8 18  2 14 23  9  4 13  8  9 19  7 28 23 11  4 11 22 14 15 16  7  2
 18 13 25 18 11  9 14 23 26  8 10 12 21 22 19 19 10 25  1 22  2 24 10 23 10
  6 22  8  5 26 21 26  3  7  8  6 21  5 17 28 22 16 12 18 24 19  8  8  7 23
 20 19 27  7  2 12 28 23 14 26  7 17 15 21 25 22 18 14 12 13  7 25  8 22 25
  1  2  7 23 19 19  2 24 12  6 20 12 28 26 21  2  9 28 18 19  3  5 15 16 20
  9 25 21 23  7 14 15  3  3 17 24  4 16  9  6  4 24 17 21  7  6 12  4 17 28
 18 15 22  4  3 10  3 21  6 15  6 19 22 19  4 12 20  8 25 18 16 17 11 25 18
 26 10 25 18 16  5  8  6 15  4 18 21 15 14 27  2 27 16  6 28 19 14  4  7  7
  6 12 27 26 20 22 12 11 14 19 28 27 14 24 21 11 18  1 21 21 22 28  6 19 18
 27 15 11  3  6 22 28 19 21  3 26 26 18 21 11 19  1 12 15  6 28 11  2 26  3
 17  4  1 28 26 13  5 20  9 16 16 18 24 12 27 14 25 26 28 11 12 24  3 15  1
 28  5 21 17 24  2  6 18 22  6 12 18 13 20 24 14 14 27 14 15  1  1  3  2 25
 26 26 25  3  6  8 23 14  1 13 12 25 12  9 23 27  7 25  2 21 23  2 18  3  3
 26  9  8  1 18  6 20 15 26 24  8 17 25 13 11  6 16 22 17 11 19 15  1 25 10
 11  3 20 23 24  9 26 27 26  2 15  4  6 28 19 12 15 11  6 25 13 12  2 21 15
  7  7 25 19 14 28 19  7 13  8 13 27  6  1 27 28 19  6 18 27 22 24 12  5 24
  9 11 28 23 28 28  1  2 16 20 14 19 20 18  1 11 11 15 21 26 14  9 26 20 17]
self:
[1 2 3 3 3 4 2 3 1 5 1 3 1 5 3 3 3 3 3 4 3 2 1 6 4 4 3 4 3 4 7 1 2 2 3 3 6
 7 1 4 3 3 1 5 2 3 1 3 1 6 7 4 3 1 1 3 6 2 4 3 3 2 3 4 1 6 2 3 5 1 4 3 1 1
 2 2 1 3 2 1 3 2 6 3 7 4 1 2 3 1 6 2 7 7 1 3 4 2 1 7 1 6 5 6 2 3 2 6 7 4 1
 1 6 7 4 4 4 2 2 1 5 2 1 7 2 1 3 4 6 2 6 1 2 1 2 2 1 1 1 1 6 1 6 1 3 1 7 6
 4 2 3 7 1 4 7 3 2 1 1 3 3 3 4 3 4 2 1 2 1 3 1 2 6 3 3 1 2 4 3 1 7 3 1 3 4
 4 2 7 1 2 2 1 2 4 6 1 4 6 6 1 4 3 2 1 4 2 4 2 1 4 3 7 3 4 4 2 3 5 1 1 3 6
 7 4 1 4 2 3 1 3 6 6 6 5 2 4 1 4 1 2 1 3 1 1 6 6 1 4 6 2 6 2 7 7 1 1 6 2 6
 3 4 2 2 6 3 6 4 1 4 4 7 7 1 1 4 1 7 4 4 1 4 4 6 2 2 3 5 4 7 1 4 4 7 2 4 2
 6 6 6 2 3 3 6 7 4 6 6 5 2 4 4 3 7 2 1 1 4 1 1 1 3 1 3 2 3 3 3 6 3 7 1 2 6
 7 6 1 4 4 4 2 2 4 7 1 2 1 3 5 3 3 4 6 3 5 6 7 3 4 1 1 1 3 4 3 2 4 2 7 6 6
 2 2 5 1 4 1 4 6 3 1 1 1 4 3 1 2 1 6 1 4 7 7 7 4 2 2 1 4 1 1 3 7 4 7 1 7 5
 6 2 4 2 3 6 4 2 2 1 1 2 6 6 2 2 7 4 4 1 3 1 2 4 4 7 3 3 4 1 4 2 3 3 1 4 2
 3 3 6 1 1 1 3 1 1 4 1 2 1 3 5 3 1 2 7 1 4 1 3 7 7 6 3 4 4 2 3 4 6 2 4 4 1
 4 2 6 6 2 6 7 4 1 6 4 7 1 7 6 1 4 3 1 4 4 1 7 7 3 2 4 7 4 6 2 2 7 7 1 3 3
 4 1 3 6 2 2 3 4 3 7 1 6 1 1 1 3 4 2 1 6 6 1 4 7 6 4 1 1 1 2 4 4 4 1 4 6 7
 7 3 4 1 7 1 4 7 2 5 7 4 1 3 6 4 2 6 2 6 7 6 2 1 3 3 2 1 4 1 2 1 3 7 1 2 6
 4 6 2 3 4 6 7 3 1 1 4 1 6 1 3 2 6 2 7 1 1 2 3 3 7 4 4 2 3 4 7 2 7 2 2 2 2
 6 1 6 6 6 2 1 1 2 3 1 2 6 1 1 4 3 2 2 6 2 3 3 2 7 3 1 1 2 3 6 1 3 4 1 4 2
 1 3 1 1 7 4 2 2 3 2 3 7 3 3 3 3 4 1 6 3 1 1 4 1 2 1 5 1 3 6 2 4 6 3 1 4 1
 2 7 3 4 6 6 3 4 4 6 1 4 4 4 3 6 7 7 1 4 7 5 4 4 2 4 6 7 6 1 1 4 7 3 2 3 4
 1 3 2 4 1 6 3 6 4 1 3 7 4 1 1 2 2 7 4 4 1 1 4 3 2 3 2 6 3 5 3 3 4 1 7 7 1
 2 6 3 2 1 6 3 3 5 3 3 4 1 6 1 4 1 3 2 5 7 3 1 2 4 6 6 7 2 5 3 6 6 6 6 4 1
 6 3 4 1 4 7 5 6 3 6 6 3 4 4 1 6 1 2 3 1 1 6 1 4 1 2 3 4 6 1 6 1 4 6 4 4 2
 2 3 3 4 3 7 1 2 6 1 1 1 3 4 3 3 2 3 4 4 4 4 3 4 6 6 4 6 7 2 2 3 2 1 1 4 1
 1 2 2 7 4 2 1 2 3 1 6 4 6 1 2 4 1 7 3 4 6 4 2 3 4 1 6 7 6 2 3 6 3 4 4 4 7
 6 6 3 2 4 1 6 2 6 3 4 4 7 1 3 1 4 6 7 4 1 1 3 1 4 7 7 4 3 3 5 3 7 1 2 1 2
 7 4 2 5 3 7 1 2 2 4 1 2 4 1 6 5 2 5 5 4 3 1 3 3 3 3 1 4 6 6 4 1 6 3 1 6 3
 3]
NMI:0.568701488933,modularity:0.370270046761