standard:
[19 13 22 27 15 15 23 26 25  9 10 16 26 21 24 18 26 11 14 21  2  6  2 11  1
 11 15 14 10 10 15  7 15 22 25 18 21 24  6 28 28 27  5 10 28 21 25 15 24 22
 21  9 27 27 21 15  4  8 14 20 12 12  6  3 19 23 12 11  5  5  1  4  8  2 16
 13 20 14 18 16 18 17 22 18  9  9  9 21  6 10 28  9  7 24 22  1  3 18  2 11
  1 15 15 19 18  7 27 27 15  8  7 18  5 12 17 27  1 11 12  2 15  4 10 28 21
 18 24 28 10 20 28 11 21 18 25 11 18 22  1 17 26  6 14 24 26 19 11 26  9 26
 26 27  1 18  5 15  7 18 14 28 26 13  9  7  9  4  2 17  8 26 26 27  6  7 27
 15 14 19 26 25  9 14 20 27 21  1 21 26 26 26  6 19 21 22 14 21 25 26 10  2
 12 12 21  1 25  2 18  6  6 15  6 17  1 18  6 28 28  8 13  6 28 13 22 16 13
  2 23 19 13  8 22 20  7 27 11 22  7 15 24  5 26  3 28  3 11 19 15 10 28  3
 23 21  7 20 15 25 27  7  6  4 19 19 23 21  7 20 28  1  1 12  5 21 13 14 18
 28 17 26  3 12  4  5 28  7 10 28 11 26 16 27 10 22 16 12 12 23 14  1 25  8
 22 27  3 23 18 14 28 21  7 18  6  6 14 12 15 12 20  8 23  1 13  2 19 19 24
 20 14 18 14 27  5 26 24 23 17 23 11 11 28 18 20 17  7 22 27 12 15  4  3  4
  6  7  6 22 19 12  7 20 13  2 18 13 25  1 23 20  5 21  2  1 14  1 12 16 22
  3 23 12 27 23  1  2  5 12 17 28 15  6 10 17 25 27 15 21 26  8  2  3 26  7
  7 25 10 18  7 23  8 11 25 14 14 20 16 17  3 18 19 11 22 14 27 28  7  2 11
  3  1 16 11  3 16 17  3 28 27 16 25 15 17  2  7 27 19 13  9 12 17 14  7  4
 22  7 24 10 16 22 10 26  6 22 18 28 12 20 11 14 21  6 15 22 15  7 25 12 25
 19  8  6 26 12  4 26 14 15 27  6  9 24  3 25  4 12 14  7 18 22  8 24  7  4
 19 16  7 27  2 20  9 11 11  7 11  1 16 24  2 15 14  2  9  7  9 18 25 23  7
  7 15  7 19 19 20  6 21 18 11 27  4  3 15 19  6 20 19 17 25  6 14  8  8 21
 28  6  9 21 15 12 14  3 20 11  4  4 15 12 16 25 23 16  6  5 20 22 13  8 18
 26 14  6 23 28 15  3 26  6  7 23 11 19 18  6  5  1  2 14 23 17 24 14 28 14
  4 16 26  2 27 17 11 14  3 21 19 14 25  1 18 17 19  3 21 25  6 17 12 26 25
  4 26 14 24 14 27 26 15 21 12 13 25 25 21 21 25  4 26  1 27 23 23  3 15 19
  6 15 16  6 23 18 27  6 25 20 24 12 21 25 18 19 21 21 18  9 28 18 15 28 12
 25 20 12 13 28 11 25 26 18  5 22  9  7 15 18  4 22  5 24 26  5 26  7 28 12
 27 26 25 20 19 12 21  6 15 21 27 28 25  1  7  1 14  1  3  6 21 24  9 20  7
 22 18 27 27 12 16  9 26 17 18 24 18  8 11 19  6 14 11  6 12  9  8 28  6  6
  7  2  8 16 19  2  2 11  2  7  2 23  5 26 25  7  3  7 13  3 26 21 21 20 19
 14 15 17 11  3 10 27 15 20 20 14  8  1 24 21 18 11 26 19  2  8 25 23  8  6
 13 12 12 10  3 10 25  9 12 23 10 16  9 14  1  5 22 24 18  6  4 13 14  7 24
  6 10 12 17 12  8 18 28 14 12  1 13 14  4  2 28  9 15 15  7  2 12 22 15  4
 27 19 21 15 14  3 18 14 25 14  1  1  1 18 23 25 21 18  4 27  7  3 16  1  9
 16 22 12 18 11 12  4 19 22  2 12  6 25  2 15 12 27  6 21  3 22  3 11  1 26
 14  8  6  3 11 25  6 25 13  1 28  5 22  5 28 23 12  1 20  7 11  9 12  6 28
  3 21  7 22 22 18 11  5  5 19  7  9  8 10 17 25  3  1 28  1 26 28  4 16 19
 15 22  3 28 11 17 18 28  1 18 21  4 22  9 27 15 13 12 27  9  1  2 28 23 17
 28 10 15 16 13 19 19 19 21  1 21 23  4 17 26 10 15 24 13 14  9  2 20 17 13]
self:
[1 2 2 3 4 1 2 3 3 2 1 2 4 4 2 1 1 5 1 5 3 6 5 5 2 5 2 2 1 2 1 3 3 3 1 1 3
 2 4 3 2 4 1 3 2 2 4 3 2 4 4 6 4 1 4 2 3 3 1 1 3 2 1 1 6 1 2 3 3 3 3 3 3 4
 4 4 3 5 3 5 4 3 5 2 2 6 2 3 1 5 2 4 3 1 2 5 1 1 3 4 6 2 2 4 2 3 2 2 1 1 4
 5 4 2 2 1 5 3 1 3 2 5 6 1 3 7 5 4 1 1 3 4 3 4 1 6 1 3 4 2 2 3 4 2 3 4 4 3
 3 3 2 1 1 1 3 4 5 4 1 3 1 2 4 1 1 4 4 2 4 4 3 7 1 6 4 2 4 5 2 3 4 4 5 3 5
 4 3 3 2 2 3 3 1 3 4 3 2 3 1 1 4 2 2 1 2 2 1 3 4 1 4 5 2 6 1 3 3 3 7 3 4 2
 5 2 1 4 1 3 1 1 5 3 3 7 5 1 3 2 1 4 4 2 4 2 4 3 1 2 1 3 2 3 6 4 2 4 4 6 3
 1 6 5 1 3 2 4 1 3 6 5 5 3 1 2 6 4 3 3 2 2 1 4 3 3 4 2 4 4 2 5 4 4 4 2 4 1
 5 3 3 4 6 4 3 1 1 1 2 7 1 2 4 4 4 3 6 2 1 5 1 3 3 3 3 3 3 1 4 1 3 1 3 3 6
 2 2 1 5 4 1 2 3 3 1 1 3 1 1 2 4 3 5 4 1 2 2 4 3 1 3 6 1 4 4 4 1 4 4 2 6 2
 4 1 4 4 4 5 3 5 4 4 4 6 1 5 2 1 1 5 1 3 3 2 3 5 1 6 3 4 2 6 1 4 1 1 4 4 1
 2 4 2 4 3 3 4 1 4 2 6 3 5 2 2 2 4 4 4 3 4 7 4 1 3 4 3 2 2 4 2 3 5 6 2 3 2
 4 2 4 4 1 1 2 2 4 1 3 5 1 3 5 2 3 1 3 4 2 2 4 5 2 4 5 3 3 4 5 1 2 1 5 1 2
 5 5 4 2 5 3 2 4 5 1 1 1 1 3 1 3 4 4 3 1 4 1 3 3 1 2 5 4 4 4 4 4 4 2 3 4 2
 3 6 4 1 4 1 1 1 2 3 5 2 1 2 5 2 4 4 1 1 3 3 4 5 3 3 4 4 1 4 3 3 3 3 1 4 2
 2 5 5 5 5 2 3 4 5 1 3 4 4 4 4 4 4 2 1 2 4 4 4 1 4 3 6 2 6 2 4 1 6 5 2 3 4
 2 1 1 2 4 2 1 5 1 4 2 3 2 1 1 2 5 2 5 1 5 2 2 3 5 3 4 7 4 3 6 2 4 3 3 1 4
 4 4 4 2 2 4 5 1 5 5 3 2 1 4 2 2 3 1 3 5 1 1 2 2 4 2 5 1 4 3 4 1 3 3 4 1 5
 3 5 1 3 3 1 2 1 2 4 3 4 1 1 1 4 2 3 3 2 3 4 1 6 7 2 1 3 2 3 1 3 2 4 1 4 2
 1 1 1 3 3 1 3 3 1 1 1 3 2 1 4 3 1 5 4 3 1 1 3 2 1 2 6 4 3 4 3 4 1 2 1 4 4
 3 2 4 4 3 3 2 2 3 4 1 5 5 3 3 5 4 4 2 3 4 1 3 4 3 5 1 3 1 3 3 1 1 4 6 4 1
 3 4 3 4 3 3 1 4 3 4 3 5 4 3 4 3 5 4 2 3 4 2 7 3 4 1 1 4 1 3 4 3 1 1 3 4 4
 3 1 4 2 1 4 1 4 4 1 4 3 4 5 2 3 2 3 3 1 1 6 4 1 1 3 1 4 4 4 3 3 4 4 4 1 3
 3 3 1 4 5 3 1 1 1 2 3 3 2 4 3 2 3 1 1 3 3 1 4 3 3 1 3 1 1 4 4 3 3 2 4 2 3
 2 4 2 1 4 3 4 2 3 1 5 3 1 2 4 3 4 3 1 1 7 1 3 1 3 1 3 3 4 5 1 4 1 3 1 4 2
 3 3 3 4 4 3 3 1 3 1 3 3 3 1 3 3 1 3 1 2 2 3 1 3 1 4 1 3 3 4 3 3 3 3 3 4 1
 2 3 1 3 4 3 1 3 2 3 3 1 3 3 1 4 1 1 3 4 1 3 4 2 1 1 3 3 4 4 1 5 1 4 4 1 3
 2]
NMI:0.0685292856321,modularity:0.211687871441