standard:
[ 7  8 11 21 18 20 26 19 28  2 24 16 14 14 22 21  2  2  3 28 24 24 15 23 16
 28 27 22 27 26  6 16 20  6 25 11 10 17 18  8 13 20  3 14 25 20 26  6  1 11
 11  9 12  2 22 24  9 23 27  1 12  7 21  7  6  9 15 13  2  6 18  3 12  9  5
 23  4 10 13 19 17 28 18  4 16  5 15 19 26 17 22  5 15 15 12 22  5  5 12 15
 16 13 21  8 23 25 28 23 11 18 21 15 16 26 15 18 22 10 19 17 12 22 23 16 13
 19  8  6 28  1 12  9 23 26  7 21  3  7  3  2 25 18 14 19  9 23 26 27 14  2
  2 11 14 26  2 22  8 21 20 20 27 25  1 25  5  8  1 25 19 28 26 25 24 27 26
 28  8 24  3 13 18  4 10 21 15 18  6  3  6  8 24 27 24  7 27 17 24  1  7  8
 21 15 12  4 18  1 15 22  9  4 23 18  6 20 24 14 17  4  6 26  1  7 16  8  1
 24 11 26  2 25 18  9 16 11 17 10  2 21 17 23 15 25 25 20 26  7  9  1 12 23
  9  7 28 28 26  9 25 23 27 20 20 12 21 27  6  7 17 28  1 18  7 21  6  9  3
  5  4 26 13  3 20 27 18 21 28 13 26 21  2 22 26 15 25 25 18 10 15 25  8  3
 28  7 18 18 20 19 28  1 13  3  9 27  4 26 12 26 20 18  6 21 17  7 16 14 11
 24 24 15  1 12 14 18 26 14 27 28 15  6 18 22 18 23 24 28 25 19  3  6 18  5
  5  6 14 19 16  6 23 15 14 21 21  6 12 18  2  3 11 10 24 26  1  1  8 22 14
 23 27  4 13 19  4 28 25  7  2 18 11  5 25 16 24 15  9  3  6  3 11 26 25  3
 17  6 13 26  1 22  4  5 22 24 19  1 10 24  3 25 26 12  3 18 22 15 11  9  8
  1 13 25 17 17  4 21  7  2  3 18  7 15 14 18 14 24 22 14 22  6  4 22  2 14
 23  1  6 14  6  3  6 13 14 21 19 20  3 25  8  5 26 17  4 25  8 22  7  2 25
  7 20 12  9 18 19 19  3 20 23 13 22 20 22  5  5  1 18 23 10  2  8 27 19 17
 12 15  5  9  7  7  1  2 22 24  2 11  7  6 11 28 10 14 25 16 23  8  8  1  6
 12 28 11 13 22 12 13  2 10 25  4 25 14  6  3  6 21 20 23 28 14  2  4  4  7
  2 12 12 16 20 27 23 19 10 28 17 22 27 11 14 11 25 12 15  6 15 27 10  3  7
  4 19 25 21 28 15 28  2 17 21  6 19 18 26 28 18 23 15 12 21 15  1 18 21 13
 20  7 21 10 17 17 19  2 17  7  5 23 21 24 10 15  2  1 10 13 22  6 13 12 12
 12  8 26  6 12 26  4  6 22  1  1 14  7 16 22 27  4  8 14 12 19  4  6 25 15
 18  6 21 15 11  8  1  9  3  7  5 21 16 28 12 25 19 28 11 22 21  5 14  8 18
 15  9 28  9 22 13 19 23 15  7  4 20  9 14 16 10 16 19 21 15  4  6 28 24  1
  8 15 22  6  7 10 21 22 25 17  3  9 26 27 20  5 13  7 12  5 25  1  1 16 26
 23 19 27 14 20 27 17  7 18  4 16  6 26 10 12 23 21  3 23  7  1 19 27 16 17
  9 18 14 11 28 22  5 20 11  7 27  9 25  9  6 25  7 11  3 15 27  6 28  7  6
  5  4 13  3 16  2 19 28 16 19 18 26 17 21 13 21  1 12 18  2 12 28 11 28 18
 10 14 24 18  6  8 22  2 21 10 11 16 15 10 21 14 15 28  7  1  7 15 27 12 16
 27 27 20 28  7  4 11 15  2 12 27 15 17 15 15 19 26 19 27 13  3  9 14 11  2
 10 20 19  1 22  1  1  9  3 26 21 23  7 11 27 18  7 19 12 26  4 23 18 18 17
 12 28 26  9 27 27 27 14 28  2 21  9 28 12  7 17 20 11 20 15  9 14 21 11  6
  7 28  7 14 27 25  2 19 18 14 12  7  3 14 28 21  6  3 27  6 22 18 15  6 26
 28 11  1 14 27 11 21 18 19  1 11 27 27  3 12 19 12 21 26 11  1 12 25 14 14
  1 19  7 14 11 25 14 26 12 15 19 21 25 11 11 11 25 18 14 14 19 18  1 28 25
  7 21 15 12 26 28 26 26 12  7  6 12 12 15 14 26 21 15 12 14  6 15 12 18 14]
self:
[1 1 1 1 1 1 1 1 1 1 1 1 1 1 1 1 1 1 1 1 1 1 1 1 1 1 1 1 1 1 1 1 1 1 1 1 1
 1 1 1 1 1 1 1 1 1 1 1 1 1 1 1 1 1 1 1 1 1 1 1 1 1 1 1 1 1 1 1 1 1 1 1 1 1
 1 1 1 1 1 1 1 1 1 1 1 1 1 1 1 1 1 1 1 1 1 1 1 1 1 1 1 1 1 1 1 1 1 1 1 1 1
 1 1 1 1 1 1 1 1 1 1 1 1 1 1 1 1 1 1 1 1 1 1 1 1 1 1 1 1 1 1 1 1 1 1 1 1 1
 1 1 1 1 1 1 1 1 1 1 1 1 1 1 1 1 1 1 1 1 1 1 1 1 1 1 1 1 1 1 1 1 1 1 1 1 1
 1 1 1 1 1 1 1 1 1 1 1 1 1 1 1 1 1 1 1 1 1 1 1 1 1 1 1 1 1 1 1 1 1 1 1 1 1
 1 1 1 1 1 1 1 1 1 1 1 1 1 1 1 1 1 1 1 1 1 1 1 1 1 1 1 1 1 1 1 1 1 1 1 1 1
 1 1 1 1 1 1 1 1 1 1 1 1 1 1 1 1 1 1 1 1 1 1 1 1 1 1 1 1 1 1 1 1 1 1 1 1 1
 1 1 1 1 1 1 1 1 1 1 1 1 1 1 1 1 1 1 1 1 1 1 1 1 1 1 1 1 1 1 1 1 1 1 1 1 1
 1 1 1 1 1 1 1 1 1 1 1 1 1 1 1 1 1 1 1 1 1 1 1 1 1 1 1 1 1 1 1 1 1 1 1 1 1
 1 1 1 1 1 1 1 1 1 1 1 1 1 1 1 1 1 1 1 1 1 1 1 1 1 1 1 1 1 1 1 1 1 1 1 1 1
 1 1 1 1 1 1 1 1 1 1 1 1 1 1 1 1 1 1 1 1 1 1 1 1 1 1 1 1 1 1 1 1 1 1 1 1 1
 1 1 1 1 1 1 1 1 1 1 1 1 1 1 1 1 1 1 1 1 1 1 1 1 1 1 1 1 1 1 1 1 1 1 1 1 1
 1 1 1 1 1 1 1 1 1 1 1 1 1 1 1 1 1 1 1 1 1 1 1 1 1 1 1 1 1 1 1 1 1 1 1 1 1
 1 1 1 1 1 1 1 1 1 1 1 1 1 1 1 1 1 1 1 1 1 1 1 1 1 1 1 1 1 1 1 1 1 1 1 1 1
 1 1 1 1 1 1 1 1 1 1 1 1 1 1 1 1 1 1 1 1 1 1 1 1 1 1 1 1 1 1 1 1 1 1 1 1 1
 1 1 1 1 1 1 1 1 1 1 1 1 1 1 1 1 1 1 1 1 1 1 1 1 1 1 1 1 1 1 1 1 1 1 1 1 1
 1 1 1 1 1 1 1 1 1 1 1 1 1 1 1 1 1 1 1 1 1 1 1 1 1 1 1 1 1 1 1 1 1 1 1 1 1
 1 1 1 1 1 1 1 1 1 1 1 1 1 1 1 1 1 1 1 1 1 1 1 1 1 1 1 1 1 1 1 1 1 1 1 1 1
 1 1 1 1 1 1 1 1 1 1 1 1 1 1 1 1 1 1 1 1 1 1 1 1 1 1 1 1 1 1 1 1 1 1 1 1 1
 1 1 1 1 1 1 1 1 1 1 1 1 1 1 1 1 1 1 1 1 1 1 1 1 1 1 1 1 1 1 1 1 1 1 1 1 1
 1 1 1 1 1 1 1 1 1 1 1 1 1 1 1 1 1 1 1 1 1 1 1 1 1 1 1 1 1 1 1 1 1 1 1 1 1
 1 1 1 1 1 1 1 1 1 1 1 1 1 1 1 1 1 1 1 1 1 1 1 1 1 1 1 1 1 1 1 1 1 1 1 1 1
 1 1 1 1 1 1 1 1 1 1 1 1 1 1 1 1 1 1 1 1 1 1 1 1 1 1 1 1 1 1 1 1 1 1 1 1 1
 1 1 1 1 1 1 1 1 1 1 1 1 1 1 1 1 1 1 1 1 1 1 1 1 1 1 1 1 1 1 1 1 1 1 1 1 1
 1 1 1 1 1 1 1 1 1 1 1 1 1 1 1 1 1 1 1 1 1 1 1 1 1 1 1 1 1 1 1 1 1 1 1 1 1
 1 1 1 1 1 1 1 1 1 1 1 1 1 1 1 1 1 1 1 1 1 1 1 1 1 1 1 1 1 1 1 1 1 1 1 1 1
 1]
______________________________compute NMI______________________________
NMI:0.0
_________________________compute modularity____________________________
modularity:-1.12803507863e-16
